14.2	531.0	0.0618	0.9382
14.2	532.0	0.07905	0.92095
14.2	533.0	0.09988999999999999	0.9001100000000001
14.2	534.0	0.12324	0.87676
14.2	535.0	0.14674	0.85326
14.2	536.0	0.16745	0.83255
14.2	537.0	0.1837	0.8163
14.2	538.0	0.19683	0.8031699999999999
14.2	539.0	0.21055	0.78945
14.2	540.0	0.22923000000000002	0.77077
14.2	541.0	0.257	0.743
14.2	542.0	0.35513	0.6448699999999999
14.2	543.0	0.42917	0.5708300000000001
14.2	544.0	0.51272	0.48728
14.2	545.0	0.58921	0.41079
14.2	546.0	0.64245	0.35755
14.2	547.0	0.67056	0.32944
14.2	548.0	0.68412	0.31588
14.2	549.0	0.6958	0.3042
14.2	550.0	0.7138100000000001	0.28619
14.2	551.0	0.7415	0.2585
14.2	552.0	0.77969	0.22030999999999998
14.2	553.0	0.8282299999999999	0.17177
14.2	554.0	0.88397	0.11603
14.2	555.0	0.93686	0.06314
14.2	556.0	0.9733	0.0267
14.2	557.0	0.98836	0.011640000000000001
14.2	558.0	0.98926	0.010740000000000001
14.2	559.0	0.9857600000000001	0.014240000000000001
14.2	560.0	0.98308	0.016919999999999998
14.2	561.0	0.9822799999999999	0.01772
14.2	562.0	0.98267	0.01733
14.2	563.0	0.98336	0.016640000000000002
14.2	564.0	0.98413	0.01587
14.2	565.0	0.98555	0.01445
14.2	566.0	0.9881700000000001	0.01183
14.2	567.0	0.99149	0.00850999
14.2	568.0	0.9940100000000001	0.00599003
14.2	569.0	0.9941	0.00590003
14.2	570.0	0.99119	0.00880998
14.2	571.0	0.9861700000000001	0.01383
14.2	572.0	0.9811	0.0189
14.2	573.0	0.9782200000000001	0.02178
14.2	574.0	0.9789200000000001	0.02108
14.2	575.0	0.9831200000000001	0.016880000000000003
14.2	576.0	0.9892799999999999	0.01072
14.2	577.0	0.99505	0.00494999
14.2	578.0	0.9982700000000001	0.00173002
14.2	579.0	0.99785	0.00215
14.2	580.0	0.99421	0.00579
14.2	581.0	0.9889100000000001	0.011090000000000001
14.2	582.0	0.98388	0.01612
14.2	583.0	0.9806600000000001	0.01934
14.2	584.0	0.98001	0.01999
14.2	585.0	0.98183	0.01817
14.2	586.0	0.98535	0.01465
14.2	587.0	0.98945	0.01055
14.2	588.0	0.9930200000000001	0.00698
14.2	589.0	0.9952	0.00480002
14.2	590.0	0.9955700000000001	0.00443
14.2	591.0	0.99418	0.00581998
14.2	592.0	0.99155	0.00844997
14.2	593.0	0.9885200000000001	0.011479999999999999
14.2	594.0	0.98606	0.013940000000000001
14.2	595.0	0.9849600000000001	0.015040000000000001
14.2	596.0	0.9856299999999999	0.014369999999999999
14.2	597.0	0.9879	0.0121
14.2	598.0	0.99106	0.00893998
14.2	599.0	0.99403	0.00597
14.2	600.0	0.99575	0.00424999
14.2	601.0	0.9956299999999999	0.00436997
14.2	602.0	0.9938	0.00620002
14.2	603.0	0.9910700000000001	0.00893003
14.2	604.0	0.9885700000000001	0.01143
14.2	605.0	0.98736	0.01264
14.2	606.0	0.9879100000000001	0.01209
14.2	607.0	0.98995	0.01005
14.2	608.0	0.9925299999999999	0.00747001
14.2	609.0	0.9944799999999999	0.00551999
14.2	610.0	0.99485	0.00515002
14.2	611.0	0.9933799999999999	0.00661999
14.2	612.0	0.99054	0.00945997
14.2	613.0	0.9873799999999999	0.012620000000000001
14.2	614.0	0.9850700000000001	0.01493
14.2	615.0	0.98444	0.01556
14.2	616.0	0.9855799999999999	0.014419999999999999
14.2	617.0	0.9878100000000001	0.012190000000000001
14.2	618.0	0.9899899999999999	0.01001
14.2	619.0	0.9909600000000001	0.00904
14.2	620.0	0.99008	0.00992
14.2	621.0	0.98751	0.012490000000000001
14.2	622.0	0.98406	0.01594
14.2	623.0	0.9809399999999999	0.01906
14.2	624.0	0.97919	0.02081
14.2	625.0	0.9793200000000001	0.02068
14.2	626.0	0.98103	0.018969999999999997
14.2	627.0	0.98336	0.016640000000000002
14.2	628.0	0.9851	0.0149
14.2	629.0	0.9852700000000001	0.014730000000000002
14.2	630.0	0.98356	0.01644
14.2	631.0	0.9804299999999999	0.01957
14.2	632.0	0.9769399999999999	0.02306
14.2	633.0	0.9743	0.0257
14.2	634.0	0.97346	0.026539999999999998
14.2	635.0	0.9747100000000001	0.02529
14.2	636.0	0.9775799999999999	0.02242
14.2	637.0	0.9810200000000001	0.01898
14.2	638.0	0.9838100000000001	0.01619
14.2	639.0	0.98501	0.01499
14.2	640.0	0.98434	0.01566
14.2	641.0	0.98225	0.01775
14.2	642.0	0.9797299999999999	0.02027
14.2	643.0	0.9778899999999999	0.022109999999999998
14.2	644.0	0.97762	0.02238
14.2	645.0	0.9791799999999999	0.020819999999999998
14.2	646.0	0.9822700000000001	0.017730000000000003
14.2	647.0	0.9859700000000001	0.01403
14.2	648.0	0.9892299999999999	0.01077
14.2	649.0	0.99116	0.00884002
14.2	650.0	0.99141	0.00858998
14.2	651.0	0.99015	0.00985003
14.2	652.0	0.9880200000000001	0.01198
14.2	653.0	0.98585	0.01415
14.2	654.0	0.9843700000000001	0.01563
14.2	655.0	0.9839399999999999	0.016059999999999998
14.2	656.0	0.9845700000000001	0.015430000000000001
14.2	657.0	0.9859100000000001	0.01409
14.2	658.0	0.98745	0.01255
14.2	659.0	0.98869	0.011309999999999999
14.2	660.0	0.98924	0.010759999999999999
14.2	661.0	0.9889600000000001	0.011040000000000001
14.2	662.0	0.9864	0.0136
14.2	663.0	0.9848	0.0152
14.2	664.0	0.9835	0.0165
14.2	665.0	0.9827	0.0173
14.2	666.0	0.9821799999999999	0.01782
14.2	667.0	0.98098	0.01902
14.2	668.0	0.9773200000000001	0.022680000000000002
14.2	669.0	0.9688700000000001	0.03113
14.2	670.0	0.9539	0.0461
14.2	671.0	0.93247	0.06752999999999999
14.2	672.0	0.90656	0.09344
14.2	673.0	0.8786700000000001	0.12133
14.2	674.0	0.85049	0.14951
14.2	675.0	0.8226100000000001	0.17739000000000002
14.2	676.0	0.79533	0.20467
14.2	677.0	0.7690600000000001	0.23094
14.2	678.0	0.7434	0.2566
14.2	679.0	0.71567	0.28433
14.2	680.0	0.68182	0.31818
14.2	681.0	0.64065	0.35935
14.2	682.0	0.59607	0.40393
14.2	683.0	0.55297	0.44703000000000004
14.2	684.0	0.51295	0.48705
14.2	685.0	0.47512	0.52488
14.2	686.0	0.43831000000000003	0.5616899999999999
14.2	687.0	0.4016	0.5984
14.2	688.0	0.36348	0.63652
14.2	689.0	0.32151	0.6784899999999999
14.2	690.0	0.27351	0.72649
14.2	691.0	0.21986	0.78014
14.2	692.0	0.16498	0.8350200000000001
14.2	693.0	0.11582	0.88418
14.2	694.0	0.07752	0.92248
14.2	695.0	0.05106	0.94894
